00ea 83f3 4141 4141 4141 4141 4141 4141
4141 4141 4141 4141 4141 4141 4141 4141
4141 4141 4141 4141 4141 4141 4141 4141
4141 4141 4141 4141 4141 4141 4141 4141
4141 4141 4141 4141 4141 4141 4141 4141
4141 4141 4141 4141 4141 4141 4141 4141
4141 4141 4141 4141 4141 4141 4141 4141
4141 4141 4141 4141 4141 4141 4141 4141
4141 4141 0000 0000 8282 8282 4242 4242
4242 4242 4242 4242 4242 4242 4242 4242
4242 4242 4242 4242 4242 4242 4242 4242
4242 4242 4242 4242 4242 4242 4242 4242
4242 4242 4242 4242 4242 4242 4242 4242
4242 4242 4242 4242 4242 4242 4242 4242
4242 4242 4242 4242 4242 4242 4242 4242
4242 4242 4242 4242 4242 4242 4242 4242
4242 4242 4242 4242 4242 4242 4242 4242
4242 4242 4242 4242 4242 4242 4242 4242
4242 4242 4242 4242 4242 4242 4242 4242
4242 4242 4242 4242 4242 4242 4242 4242
4242 4242 4242 4242 4242 4242 4242 4242
4242 4242 4242 4242 4242 4242 4242 4242
4242 4242 4242 4242 4242 4242 4242 4242
4242 4242 4242 4242 4242 4242 4242 4242
4242 4242 4242 4242 4242 4242 4242 4242
4242 4242 4242 4242 4242 4242 4242 4242
4242 4242 4242 4242 4242 4242 4242 4242
4242 4242 4242 4242 4242 4242 4242 4242
4242 4242 4242 4242 4242 4242 4242 4242
4242 4242 4242 4242 4242 4242 4242 4242
4242 4242 4242 4242 4242 4242 4242 4242
4242 4242 4242 4242 4242 4242 4242 4242
4242 4242 4242 4242 4242 4242 4242 4242
4242 4242 4242 4242 4242 4242 4242 4242
4242 4242 4242 4242 4242 4242 4242 4242
4242 4242 4242 4242 4242 4242 4242 4242
4242 4242 4242 4242 4242 4242 4242 4242
4242 4242 4242 4242 4242 4242 4242 4242
4242 4242 4242 4242 4242 4242 4242 4242
4242 4242 4242 4242 4242 4242 4242 4242
4242 4242 4242 4242 4242 4242 4242 4242
4242 4242 4242 4242 4242 4242 4242 4242
4242 4242 4242 4242 4242 4242 4242 4242
4242 4242 4242 4242 4242 4242 4242 4242
4242 4242 4242 4242 4242 4242 4242 4242
4242 4242 4242 4242 4242 4242 4242 4242
4242 4242 4242 4242 4242 4242 4242 4242
4242 4242 4242 4242 4242 4242 4242 4242
4242 4242 4242 4242 4242 4242 4242 4242
4242 4242 4242 4242 4242 4242 4242 4242
4242 4242 4242 4242 4242 4242 4242 4242
4242 4242 4242 4242 4242 4242 4242 4242
4242 4242 4242 4242 4242 4242 4242 4242
4242 4242 4242 4242 4242 4242 4242 4242
4242 4242 4242 4242 4242 4242 4242 4242
4242 4242 4242 4242 4242 4242 4242 4242
4242 4242 4242 4242 4242 4242 4242 4242
4242 4242 4242 4242 4242 4242 4242 4242
4242 4242 4242 4242 4242 4242 4242 4242
4242 4242 4242 4242 4242 4242 4242 4242
4242 4242 4242 4242 4242 4242 4242 4242
4242 4242 4242 4242 4242 4242 4242 4242
4242 4242 4242 4242 4242 4242 4242 4242
4242 4242 4242 4242 4242 4242 4242 4242
4242 4242 4242 4242 4242 4242 4242 4242
4242 4242 4242 4242 4242 4242 4242 4242
4242 4242 4242 4242 4242 4242 4242 4242
4242 4242 4242 4242 4242 4242 4242 4242
4242 4242 4242 4242 4242 4242 4242 4242
4242 4242 4242 4242 4242 4242 4242 4242
4242 4242 4242 4242 4242 4242 4242 4242
4242 4242 4242 4242 4242 4242 4242 4242
4242 4242 4242 4242 4242 4242 4242 4242
4242 4242 4242 4242 4242 4242 4242 4242
4242 4242 4242 4242 4242 4242 4242 4242
4242 4242 4242 4242 4242 4242 4242 4242
4242 4242 4242 4242 4242 4242 4242 4242
4242 4242 4242 4242 4242 4242 4242 4242
4242 4242 4242 4242 4242 4242 4242 4242
4242 4242 4242 4242 4242 4242 4242 4242
4242 4242 4242 4242 4242 4242 4242 4242
4242 4242 4242 4242 4242 4242 4242 4242
4242 4242 4242 4242 4242 4242 4242 4242
4242 4242 4242 4242 4242 4242 4242 4242
4242 4242 4242 4242 4242 4242 4242 4242
4242 4242 4242 4242 4242 4242 4242 4242
4242 4242 4242 4242 4242 4242 4242 4242
4242 4242 4242 4242 4242 4242 4242 4242
4242 4242 4242 4242 4242 4242 4242 4242
4242 4242 4242 4242 4242 4242 4242 4242
4242 4242 4242 4242 4242 4242 4242 4242
4242 4242 4242 4242 4242 4242 4242 4242
4242 4242 4242 4242 4242 4242 4242 4242
4242 4242 4242 4242 4242 4242 4242 4242
4242 4242 4242 4242 4242 4242 4242 4242
4242 4242 4242 4242 4242 4242 4242 4242
4242 4242 4242 4242 4242 4242 4242 4242
4242 4242 4242 4242 4242 4242 4242 4242
4242 4242 4242 4242 4242 4242 4242 4242
4242 4242 4242 4242 4242 4242 4242 4242
4242 4242 4242 4242 4242 4242 4242 4242
4242 4242 4242 4242 4242 4242 4242 4242
4242 4242 4242 4242 4242 4242 4242 4242
4242 4242 4242 4242 4242 4242 4242 4242
4242 4242 4242 4242 4242 4242 4242 4242
4242 4242 4242 4242 4242 4242 4242 4242
4242 4242 4242 4242 4242 4242 4242 4242
4242 4242 4242 4242 4242 4242 4242 4242
4242 4242 4242 4242 4242 4242 4242 4242
4242 4242 4242 4242 4242 4242 4242 4242
4242 4242 4242 4242 4242 4242 4242 4242
4242 4242 4242 4242 4242 4242 4242 4242
4242 4242 4242 4242 4242 4242 4242 4242
4242 4242 4242 4242 4242 4242 4242 4242
4242 4242 4242 4242 4242 4242 4242 4242
4242 4242 4242 4242 4242 4242 4242 4242
4242 4242 4242 4242 4242 4242 4242 4242
4242 4242 4242 4242 4242 4242 4242 4242
4242 4242 4242 4242 4242 4242 4242 4242
4242 4242 4242 4242 4242 4242 4242 4242
4242 4242 4242 4242 4242 4242 4242 4242
4242 4242 4242 4242 4242 4242 4242 4242
4242 4242 4242 4242 4242 4242 4242 4242
4242 4242 4242 4242 4242 4242 4242 4242
4242 4242 4242 4242 4242 4242 4242 4242
4242 4242 4242 4242 4242 4242 4242 4242
4242 4242 4242 4242 4242 4242 4242 4242
4242 4242 4242 4242 4242 4242 4242 4242
4242 4242 4242 4242 4242 4242 4242 4242
4242 4242 4242 4242 4242 4242 4242 4242
4242 4242 4242 4242 4242 4242 4242 4242
4242 4242 4242 4242 4242 4242 4242 4242
4242 4242 4242 4242 4242 4242 4242 4242
4242 4242 4242 4242 4242 4242 4242 4242
4242 4242 4242 4242 4242 4242 4242 4242
4242 4242 4242 4242 4242 4242 4242 4242
4242 4242 4242 4242 4242 4242 0000 0000
